Below is a monthly regional home value index (first month = 100) and the average 30-year mortgage rate (%) for the same month. Place and dates are hidden.

month,home_value_index,mortgage_rate
1,100.000,8.21
2,100.372,8.32
3,100.868,8.24
4,101.854,8.15
5,102.933,8.52
6,104.004,8.29
7,105.102,8.15
8,106.210,8.03
9,107.254,7.91
10,108.186,7.79
11,109.029,7.75
12,109.873,7.38
13,110.487,7.03
14,111.156,7.05
15,111.916,6.95
16,113.032,7.08
17,114.199,7.14
18,115.313,7.16
19,116.433,7.13
20,117.553,6.95
21,118.672,6.82
22,119.757,6.62
23,120.722,6.66
24,121.683,7.06
25,122.444,7.00
26,123.330,6.89
27,124.428,7.01
28,125.913,6.99
29,127.624,6.81
30,129.423,6.65
31,131.575,6.49
32,133.865,6.29
33,136.193,6.09
34,138.325,6.11
35,140.381,6.07
36,142.392,6.05
37,144.089,5.92
38,145.678,5.84
39,147.397,5.75
40,149.396,5.81
41,151.784,5.48
42,153.915,5.23
43,156.394,5.63
44,159.018,6.26
45,162.006,6.15
46,164.684,5.95
47,167.212,5.93
48,169.688,5.88
49,172.398,5.71
50,175.473,5.63
51,179.011,5.45
52,183.169,5.83
53,188.110,6.27
54,193.231,6.29
55,198.006,6.06
56,202.111,5.87
57,205.994,5.75
58,209.735,5.72
59,212.539,5.73
60,215.105,5.75
61,217.323,5.71
62,220.104,5.63
63,223.164,5.93
64,226.445,5.86
65,229.616,5.72
66,232.633,5.58
67,236.009,5.70
68,239.706,5.82
69,243.571,5.77
70,247.532,6.07
71,250.628,6.33
72,253.540,6.27
73,256.026,6.14
74,258.333,6.25
75,260.441,6.32
76,262.297,6.51
77,264.338,6.60
78,266.046,6.68
79,266.862,6.76
80,267.535,6.52
81,267.224,6.40
82,267.194,6.36
83,266.841,6.24
84,266.759,6.13
85,266.772,6.22
86,266.651,6.29
87,266.230,6.16
88,265.461,6.18
89,264.075,6.26
90,262.590,6.66
91,260.274,6.70
92,257.652,6.57
93,254.526,6.38
94,251.391,6.38
95,248.788,6.21
96,245.909,6.09
97,243.147,5.76
98,239.444,5.92
99,235.172,5.97
100,229.652,5.92
101,223.618,6.04
102,217.776,6.32
103,212.376,6.43
104,207.602,6.48
105,203.943,6.04
106,200.649,6.20
107,197.282,6.09
108,193.102,5.29
109,189.573,5.05
110,187.269,5.13
111,185.672,5.00
112,184.264,4.81
113,182.873,4.86
114,181.293,5.42
115,180.005,5.22
116,179.106,5.19
117,178.857,5.06
118,178.973,4.95
119,179.851,4.88
120,181.516,4.93
121,182.560,5.03
122,182.702,4.99
123,182.807,4.97
124,183.695,5.10
125,185.004,4.89
126,185.102,4.74
127,184.303,4.56
128,182.660,4.43
129,180.952,4.35
130,179.237,4.22
131,177.628,4.30
132,176.751,4.71
133,176.266,4.75
134,176.229,4.95
135,175.683,4.84
136,174.973,4.84
137,173.238,4.64
138,172.297,4.51
139,171.607,4.54
140,170.820,4.27
141,169.289,4.11
142,167.629,4.07
143,166.992,3.99
144,166.858,3.96
145,166.622,3.92
146,165.913,3.89
147,164.779,3.95
148,163.751,3.91
149,163.258,3.80
150,163.436,3.67
151,164.295,3.55
152,166.120,3.60
153,168.724,3.50
154,171.814,3.38
155,175.039,3.35
156,178.220,3.34
157,180.713,3.41
158,182.315,3.53
159,183.221,3.56
160,184.582,3.45
161,186.939,3.54
162,190.110,4.07
163,193.598,4.37
164,197.229,4.46
165,201.088,4.49
166,204.968,4.19
167,208.266,4.25
168,210.895,4.46
169,212.282,4.43
170,212.912,4.30
171,213.122,4.34
172,213.850,4.34
173,214.823,4.19
174,215.741,4.16
175,216.606,4.13
176,217.773,4.12
177,219.781,4.16
178,222.134,4.04
179,224.674,4.00
180,226.890,3.86
181,228.421,3.67
182,229.217,3.71
183,229.387,3.77
184,229.453,3.67
185,229.738,3.84
186,230.305,3.98
187,230.640,4.05
188,230.125,3.91
189,228.813,3.89
190,227.256,3.80
191,225.611,3.94
192,224.089,3.96
193,225.229,3.87
194,229.146,3.66
195,234.566,3.69
196,238.673,3.60
197,241.238,3.60
198,243.311,3.57
199,243.570,3.44
200,242.019,3.44
201,239.083,3.46
202,237.016,3.47
203,236.549,3.77
204,237.359,4.20
205,240.887,4.15
206,246.104,4.17
207,252.200,4.20
208,256.592,4.04
209,259.588,4.01
210,261.827,3.90
211,262.330,3.97
212,262.273,3.88
213,262.125,3.80
214,263.621,3.90
215,265.476,3.92
216,267.729,3.95
217,270.680,4.03
218,274.276,4.33
219,277.690,4.44
220,280.290,4.47
221,282.375,4.59
222,283.939,4.57
223,285.576,4.53
224,288.039,4.55
225,291.326,4.63
226,294.818,4.83
227,297.290,4.87
228,298.607,4.64
229,297.514,4.46
230,294.665,4.37
231,291.194,4.26
232,288.982,4.14
233,287.855,4.07
234,287.285,3.80
235,287.658,3.77
236,289.361,3.62
237,292.161,3.60
238,295.159,3.69
239,297.890,3.70
240,300.369,3.72
241,301.825,3.62
242,302.517,3.47
243,302.864,3.45
244,303.300,3.31
245,302.875,3.23
246,301.597,3.16
247,301.454,3.02
248,303.734,2.94
249,308.622,2.89
250,314.474,2.83
251,320.954,2.77
252,327.136,2.68
253,331.300,2.73
254,333.897,2.81
255,335.341,3.08
256,338.421,3.06
257,342.789,2.96
258,348.186,2.98
259,353.488,2.87
260,357.545,2.84
261,360.689,2.90
262,363.727,3.07
263,367.503,3.07
264,372.040,3.10
265,377.495,3.45
266,383.947,3.76
267,391.200,4.17
268,397.779,4.98
269,402.950,5.23
270,405.866,5.52
271,406.693,5.41

Forecast the home value index for each of the next 12 months (months 272 to 283). Do not write or run code and do not use tools; use your own judgment. Reply with only a JSON list of 12 numbers, nothing else.