Below is a monthly index (latest month = 100). What it measures, the place and the dates are hidden.

month,index
1,51.029
2,51.079
3,51.254
4,51.487
5,51.707
6,51.914
7,52.194
8,52.675
9,53.239
10,53.848
11,54.379
12,54.746
13,54.937
14,54.977
15,54.993
16,55.062
17,55.197
18,55.278
19,55.154
20,54.840
21,54.467
22,54.072
23,53.708
24,53.981
25,54.920
26,56.219
27,57.203
28,57.818
29,58.315
30,58.377
31,58.005
32,57.301
33,56.806
34,56.694
35,56.888
36,57.734
37,58.984
38,60.445
39,61.498
40,62.216
41,62.752
42,62.873
43,62.859
44,62.824
45,63.182
46,63.627
47,64.167
48,64.874
49,65.736
50,66.554
51,67.177
52,67.677
53,68.052
54,68.444
55,69.035
56,69.822
57,70.659
58,71.252
59,71.567
60,71.305
61,70.622
62,69.791
63,69.260
64,68.990
65,68.854
66,68.943
67,69.351
68,70.022
69,70.741
70,71.396
71,71.990
72,72.339
73,72.504
74,72.588
75,72.692
76,72.590
77,72.284
78,72.250
79,72.796
80,73.968
81,75.370
82,76.923
83,78.405
84,79.403
85,80.025
86,80.371
87,81.110
88,82.156
89,83.450
90,84.721
91,85.693
92,86.447
93,87.175
94,88.080
95,89.167
96,90.474
97,92.021
98,93.759
99,95.336
100,96.575
101,97.274
102,97.472
103,97.139
104,96.525
105,95.954
106,95.548
107,95.209
108,94.310
109,93.128
110,92.069
111,91.811
112,92.221
113,93.066
114,94.281
115,95.751
116,97.236
117,98.470
118,99.400
119,99.983
120,100.000

Forecast the index for each of the next 12 months (months 121 to 132). Do not write or run code and do not use tools; use your own judgment. Reply with only a JSON list of 12 numbers, nothing else.