Below is a monthly index (latest month = 100). What it measures, the place and the dates are hidden.

month,index
1,43.951
2,43.651
3,43.378
4,43.248
5,43.295
6,43.523
7,44.006
8,44.696
9,45.514
10,46.368
11,47.211
12,47.872
13,48.296
14,48.536
15,48.897
16,49.521
17,50.361
18,51.285
19,52.247
20,53.269
21,54.297
22,55.171
23,55.867
24,56.234
25,56.401
26,56.457
27,56.650
28,56.908
29,57.151
30,57.380
31,57.689
32,58.221
33,58.844
34,59.517
35,60.104
36,60.510
37,60.721
38,60.766
39,60.783
40,60.859
41,61.009
42,61.097
43,60.961
44,60.614
45,60.201
46,59.765
47,59.362
48,59.664
49,60.702
50,62.138
51,63.226
52,63.905
53,64.454
54,64.523
55,64.112
56,63.334
57,62.787
58,62.663
59,62.877
60,63.812
61,65.194
62,66.809
63,67.972
64,68.766
65,69.359
66,69.492
67,69.477
68,69.438
69,69.834
70,70.326
71,70.922
72,71.704
73,72.657
74,73.561
75,74.250
76,74.802
77,75.217
78,75.650
79,76.303
80,77.174
81,78.098
82,78.753
83,79.102
84,78.813
85,78.058
86,77.139
87,76.553
88,76.254
89,76.103
90,76.202
91,76.653
92,77.395
93,78.189
94,78.912
95,79.569
96,79.955
97,80.138
98,80.230
99,80.346
100,80.233
101,79.894
102,79.856
103,80.460
104,81.755
105,83.305
106,85.022
107,86.660
108,87.763
109,88.451
110,88.833
111,89.649
112,90.806
113,92.236
114,93.641
115,94.715
116,95.548
117,96.353
118,97.353
119,98.555
120,100.000

Forecast the index for each of the next 12 months (months 121 to 132). Do not write or run code and do not use tools; use your own judgment. Reply with only a JSON list of 12 numbers, nothing else.