Below is a monthly index (latest month = 100). What it measures, the place and the dates are hidden.

month,index
1,43.721
2,44.515
3,45.138
4,45.538
5,45.764
6,46.104
7,46.693
8,47.485
9,48.356
10,49.263
11,50.227
12,51.196
13,52.020
14,52.677
15,53.023
16,53.180
17,53.233
18,53.415
19,53.658
20,53.887
21,54.103
22,54.395
23,54.896
24,55.484
25,56.118
26,56.672
27,57.054
28,57.253
29,57.296
30,57.312
31,57.383
32,57.525
33,57.609
34,57.480
35,57.152
36,56.763
37,56.353
38,55.972
39,56.257
40,57.236
41,58.589
42,59.615
43,60.256
44,60.774
45,60.838
46,60.451
47,59.717
48,59.201
49,59.085
50,59.287
51,60.168
52,61.471
53,62.994
54,64.091
55,64.839
56,65.398
57,65.524
58,65.510
59,65.473
60,65.846
61,66.310
62,66.872
63,67.610
64,68.508
65,69.361
66,70.010
67,70.531
68,70.921
69,71.330
70,71.946
71,72.767
72,73.639
73,74.256
74,74.585
75,74.312
76,73.600
77,72.734
78,72.181
79,71.900
80,71.757
81,71.850
82,72.276
83,72.975
84,73.724
85,74.406
86,75.025
87,75.389
88,75.562
89,75.648
90,75.757
91,75.651
92,75.332
93,75.296
94,75.866
95,77.087
96,78.548
97,80.167
98,81.711
99,82.751
100,83.400
101,83.760
102,84.530
103,85.621
104,86.969
105,88.293
106,89.307
107,90.092
108,90.851
109,91.794
110,92.927
111,94.290
112,95.901
113,97.713
114,99.356
115,100.648
116,101.376
117,101.583
118,101.235
119,100.595
120,100.000

Forecast the index for each of the next 12 months (months 121 to 132). Do not write or run code and do not use tools; use your own judgment. Reply with only a JSON list of 12 numbers, nothing else.