Below is a monthly index (latest month = 100). What it measures, the place and the dates are hidden.

month,index
1,51.520
2,51.741
3,51.948
4,52.228
5,52.709
6,53.274
7,53.883
8,54.414
9,54.782
10,54.972
11,55.013
12,55.029
13,55.097
14,55.233
15,55.314
16,55.190
17,54.875
18,54.502
19,54.108
20,53.743
21,54.016
22,54.955
23,56.255
24,57.240
25,57.855
26,58.352
27,58.415
28,58.043
29,57.339
30,56.843
31,56.731
32,56.925
33,57.771
34,59.022
35,60.484
36,61.538
37,62.256
38,62.793
39,62.914
40,62.900
41,62.865
42,63.223
43,63.668
44,64.208
45,64.916
46,65.779
47,66.598
48,67.221
49,67.721
50,68.096
51,68.489
52,69.079
53,69.868
54,70.705
55,71.298
56,71.614
57,71.352
58,70.668
59,69.836
60,69.306
61,69.035
62,68.899
63,68.988
64,69.397
65,70.068
66,70.787
67,71.442
68,72.036
69,72.386
70,72.552
71,72.635
72,72.739
73,72.638
74,72.331
75,72.297
76,72.844
77,74.016
78,75.419
79,76.973
80,78.456
81,79.454
82,80.077
83,80.424
84,81.162
85,82.210
86,83.504
87,84.776
88,85.749
89,86.503
90,87.231
91,88.137
92,89.225
93,90.533
94,92.081
95,93.820
96,95.398
97,96.638
98,97.337
99,97.536
100,97.202
101,96.588
102,96.016
103,95.610
104,95.271
105,94.371
106,93.188
107,92.129
108,91.871
109,92.281
110,93.127
111,94.343
112,95.814
113,97.299
114,98.535
115,99.464
116,100.048
117,100.065
118,99.745
119,99.623
120,100.000

Forecast the index for each of the next 12 months (months 121 to 132). Do not write or run code and do not use tools; use your own judgment. Reply with only a JSON list of 12 numbers, nothing else.