Below is a monthly index (latest month = 100). What it measures, the place and the dates are hidden.

month,index
1,48.324
2,47.891
3,47.421
4,47.241
5,47.203
6,47.136
7,46.936
8,46.615
9,46.324
10,46.185
11,46.235
12,46.478
13,46.995
14,47.731
15,48.605
16,49.517
17,50.418
18,51.123
19,51.576
20,51.832
21,52.217
22,52.884
23,53.781
24,54.768
25,55.795
26,56.887
27,57.984
28,58.917
29,59.661
30,60.054
31,60.232
32,60.291
33,60.497
34,60.772
35,61.032
36,61.277
37,61.607
38,62.175
39,62.840
40,63.559
41,64.186
42,64.619
43,64.844
44,64.892
45,64.911
46,64.992
47,65.152
48,65.247
49,65.101
50,64.730
51,64.289
52,63.824
53,63.394
54,63.716
55,64.824
56,66.358
57,67.519
58,68.245
59,68.831
60,68.905
61,68.466
62,67.635
63,67.051
64,66.919
65,67.148
66,68.146
67,69.621
68,71.346
69,72.588
70,73.436
71,74.069
72,74.212
73,74.196
74,74.154
75,74.577
76,75.102
77,75.739
78,76.574
79,77.591
80,78.557
81,79.293
82,79.882
83,80.325
84,80.788
85,81.485
86,82.415
87,83.402
88,84.102
89,84.474
90,84.165
91,83.359
92,82.377
93,81.751
94,81.433
95,81.271
96,81.377
97,81.859
98,82.651
99,83.499
100,84.272
101,84.973
102,85.385
103,85.581
104,85.679
105,85.802
106,85.682
107,85.320
108,85.280
109,85.925
110,87.308
111,88.963
112,90.796
113,92.545
114,93.723
115,94.458
116,94.866
117,95.738
118,96.973
119,98.500
120,100.000

Forecast the index for each of the next 12 months (months 121 to 132). Do not write or run code and do not use tools; use your own judgment. Reply with only a JSON list of 12 numbers, nothing else.