Below is a monthly index (latest month = 100). What it measures, the place and the dates are hidden.

month,index
1,45.911
2,45.875
3,45.810
4,45.615
5,45.303
6,45.020
7,44.885
8,44.934
9,45.170
10,45.672
11,46.387
12,47.237
13,48.124
14,48.998
15,49.684
16,50.124
17,50.373
18,50.747
19,51.395
20,52.267
21,53.226
22,54.224
23,55.286
24,56.352
25,57.259
26,57.982
27,58.363
28,58.536
29,58.594
30,58.794
31,59.062
32,59.314
33,59.552
34,59.873
35,60.425
36,61.072
37,61.770
38,62.379
39,62.800
40,63.019
41,63.066
42,63.084
43,63.162
44,63.318
45,63.410
46,63.269
47,62.908
48,62.480
49,62.028
50,61.609
51,61.923
52,63.000
53,64.490
54,65.619
55,66.324
56,66.894
57,66.965
58,66.539
59,65.731
60,65.163
61,65.035
62,65.258
63,66.228
64,67.662
65,69.338
66,70.545
67,71.369
68,71.984
69,72.123
70,72.107
71,72.067
72,72.478
73,72.988
74,73.607
75,74.419
76,75.407
77,76.346
78,77.061
79,77.634
80,78.064
81,78.514
82,79.191
83,80.095
84,81.055
85,81.734
86,82.097
87,81.796
88,81.013
89,80.058
90,79.450
91,79.140
92,78.984
93,79.086
94,79.555
95,80.324
96,81.148
97,81.899
98,82.581
99,82.981
100,83.172
101,83.267
102,83.387
103,83.270
104,82.919
105,82.879
106,83.506
107,84.850
108,86.459
109,88.240
110,89.940
111,91.085
112,91.799
113,92.196
114,93.043
115,94.243
116,95.727
117,97.185
118,98.300
119,99.165
120,100.000

Forecast the index for each of the next 12 months (months 121 to 132). Do not write or run code and do not use tools; use your own judgment. Reply with only a JSON list of 12 numbers, nothing else.