Below is a monthly index (latest month = 100). What it measures, the place and the dates are hidden.

month,index
1,52.124
2,52.638
3,52.993
4,53.178
5,53.217
6,53.233
7,53.299
8,53.430
9,53.508
10,53.388
11,53.084
12,52.723
13,52.341
14,51.988
15,52.253
16,53.162
17,54.419
18,55.372
19,55.967
20,56.448
21,56.508
22,56.148
23,55.467
24,54.987
25,54.879
26,55.067
27,55.885
28,57.096
29,58.510
30,59.529
31,60.224
32,60.743
33,60.860
34,60.847
35,60.813
36,61.159
37,61.590
38,62.113
39,62.797
40,63.631
41,64.424
42,65.027
43,65.510
44,65.873
45,66.253
46,66.825
47,67.587
48,68.397
49,68.971
50,69.276
51,69.023
52,68.362
53,67.556
54,67.043
55,66.782
56,66.649
57,66.736
58,67.131
59,67.781
60,68.476
61,69.110
62,69.685
63,70.023
64,70.183
65,70.264
66,70.365
67,70.266
68,69.970
69,69.937
70,70.466
71,71.600
72,72.957
73,74.461
74,75.895
75,76.861
76,77.463
77,77.798
78,78.513
79,79.526
80,80.778
81,82.009
82,82.950
83,83.679
84,84.384
85,85.260
86,86.313
87,87.578
88,89.075
89,90.758
90,92.284
91,93.484
92,94.160
93,94.352
94,94.029
95,93.435
96,92.882
97,92.489
98,92.161
99,91.290
100,90.146
101,89.121
102,88.872
103,89.269
104,90.087
105,91.263
106,92.686
107,94.123
108,95.318
109,96.218
110,96.783
111,96.799
112,96.489
113,96.371
114,96.736
115,97.355
116,97.771
117,98.231
118,98.776
119,99.451
120,100.000

Forecast the index for each of the next 12 months (months 121 to 132). Do not write or run code and do not use tools; use your own judgment. Reply with only a JSON list of 12 numbers, nothing else.