Below is a monthly index (latest month = 100). What it measures, the place and the dates are hidden.

month,index
1,51.190
2,50.912
3,50.708
4,50.475
5,50.023
6,49.533
7,49.344
8,49.305
9,49.235
10,49.026
11,48.690
12,48.387
13,48.241
14,48.294
15,48.548
16,49.087
17,49.856
18,50.769
19,51.722
20,52.662
21,53.399
22,53.872
23,54.140
24,54.542
25,55.239
26,56.176
27,57.206
28,58.279
29,59.420
30,60.566
31,61.540
32,62.317
33,62.727
34,62.913
35,62.975
36,63.190
37,63.478
38,63.749
39,64.005
40,64.350
41,64.943
42,65.638
43,66.389
44,67.044
45,67.496
46,67.731
47,67.781
48,67.801
49,67.885
50,68.053
51,68.152
52,67.999
53,67.612
54,67.152
55,66.666
56,66.216
57,66.553
58,67.710
59,69.312
60,70.525
61,71.283
62,71.896
63,71.973
64,71.514
65,70.647
66,70.036
67,69.898
68,70.137
69,71.180
70,72.721
71,74.522
72,75.820
73,76.706
74,77.367
75,77.516
76,77.499
77,77.455
78,77.897
79,78.445
80,79.111
81,79.983
82,81.046
83,82.055
84,82.823
85,83.439
86,83.901
87,84.385
88,85.113
89,86.084
90,87.116
91,87.846
92,88.235
93,87.912
94,87.070
95,86.045
96,85.391
97,85.058
98,84.890
99,85.000
100,85.503
101,86.331
102,87.216
103,88.023
104,88.756
105,89.186
106,89.391
107,89.493
108,89.622
109,89.496
110,89.119
111,89.077
112,89.750
113,91.195
114,92.924
115,94.839
116,96.665
117,97.896
118,98.663
119,99.090
120,100.000

Forecast the index for each of the next 12 months (months 121 to 132). Do not write or run code and do not use tools; use your own judgment. Reply with only a JSON list of 12 numbers, nothing else.