Below is a monthly index (latest month = 100). What it measures, the place and the dates are hidden.

month,index
1,41.042
2,41.087
3,41.303
4,41.762
5,42.416
6,43.193
7,44.004
8,44.804
9,45.431
10,45.833
11,46.061
12,46.403
13,46.996
14,47.793
15,48.670
16,49.583
17,50.553
18,51.528
19,52.357
20,53.018
21,53.367
22,53.525
23,53.578
24,53.761
25,54.006
26,54.236
27,54.454
28,54.747
29,55.252
30,55.843
31,56.482
32,57.039
33,57.424
34,57.624
35,57.667
36,57.684
37,57.755
38,57.898
39,57.982
40,57.852
41,57.523
42,57.131
43,56.718
44,56.335
45,56.622
46,57.606
47,58.969
48,60.001
49,60.646
50,61.167
51,61.233
52,60.843
53,60.105
54,59.585
55,59.468
56,59.671
57,60.558
58,61.869
59,63.402
60,64.506
61,65.259
62,65.822
63,65.949
64,65.934
65,65.897
66,66.273
67,66.740
68,67.306
69,68.048
70,68.952
71,69.810
72,70.464
73,70.988
74,71.381
75,71.793
76,72.412
77,73.238
78,74.116
79,74.737
80,75.069
81,74.794
82,74.078
83,73.205
84,72.649
85,72.366
86,72.222
87,72.316
88,72.744
89,73.448
90,74.202
91,74.888
92,75.511
93,75.878
94,76.052
95,76.139
96,76.248
97,76.142
98,75.820
99,75.784
100,76.358
101,77.586
102,79.057
103,80.686
104,82.241
105,83.287
106,83.940
107,84.303
108,85.078
109,86.176
110,87.533
111,88.866
112,89.885
113,90.676
114,91.439
115,92.389
116,93.529
117,94.901
118,96.523
119,98.346
120,100.000

Forecast the index for each of the next 12 months (months 121 to 132). Do not write or run code and do not use tools; use your own judgment. Reply with only a JSON list of 12 numbers, nothing else.