Below is a monthly index (latest month = 100). What it measures, the place and the dates are hidden.

month,index
1,53.430
2,53.562
3,53.640
4,53.520
5,53.215
6,52.853
7,52.470
8,52.116
9,52.382
10,53.293
11,54.553
12,55.508
13,56.105
14,56.587
15,56.647
16,56.286
17,55.604
18,55.123
19,55.014
20,55.203
21,56.023
22,57.236
23,58.654
24,59.676
25,60.373
26,60.893
27,61.010
28,60.997
29,60.963
30,61.310
31,61.742
32,62.266
33,62.952
34,63.788
35,64.582
36,65.187
37,65.672
38,66.036
39,66.416
40,66.989
41,67.754
42,68.566
43,69.141
44,69.447
45,69.193
46,68.530
47,67.723
48,67.209
49,66.947
50,66.814
51,66.901
52,67.297
53,67.948
54,68.645
55,69.280
56,69.857
57,70.195
58,70.356
59,70.437
60,70.539
61,70.440
62,70.142
63,70.109
64,70.639
65,71.776
66,73.137
67,74.644
68,76.082
69,77.050
70,77.655
71,77.990
72,78.707
73,79.722
74,80.978
75,82.211
76,83.154
77,83.886
78,84.592
79,85.470
80,86.525
81,87.794
82,89.295
83,90.981
84,92.511
85,93.714
86,94.392
87,94.585
88,94.261
89,93.665
90,93.111
91,92.717
92,92.388
93,91.515
94,90.369
95,89.341
96,89.091
97,89.489
98,90.309
99,91.488
100,92.915
101,94.355
102,95.553
103,96.455
104,97.021
105,97.037
106,96.727
107,96.609
108,96.974
109,97.595
110,98.012
111,98.473
112,99.019
113,99.696
114,100.247
115,100.721
116,101.145
117,101.201
118,100.988
119,100.453
120,100.000

Forecast the index for each of the next 12 months (months 121 to 132). Do not write or run code and do not use tools; use your own judgment. Reply with only a JSON list of 12 numbers, nothing else.