Below is a monthly index (latest month = 100). What it measures, the place and the dates are hidden.

month,index
1,40.847
2,41.487
3,42.247
4,43.039
5,43.822
6,44.435
7,44.829
8,45.051
9,45.386
10,45.966
11,46.745
12,47.603
13,48.496
14,49.445
15,50.399
16,51.210
17,51.856
18,52.197
19,52.352
20,52.404
21,52.583
22,52.822
23,53.048
24,53.260
25,53.547
26,54.041
27,54.619
28,55.244
29,55.789
30,56.166
31,56.361
32,56.403
33,56.419
34,56.489
35,56.629
36,56.711
37,56.584
38,56.262
39,55.879
40,55.475
41,55.100
42,55.381
43,56.344
44,57.676
45,58.686
46,59.317
47,59.827
48,59.890
49,59.509
50,58.787
51,58.279
52,58.164
53,58.363
54,59.231
55,60.513
56,62.012
57,63.092
58,63.829
59,64.379
60,64.503
61,64.489
62,64.453
63,64.820
64,65.277
65,65.831
66,66.556
67,67.440
68,68.280
69,68.919
70,69.432
71,69.817
72,70.219
73,70.825
74,71.633
75,72.491
76,73.099
77,73.423
78,73.154
79,72.454
80,71.600
81,71.056
82,70.779
83,70.639
84,70.731
85,71.150
86,71.838
87,72.575
88,73.247
89,73.856
90,74.214
91,74.385
92,74.470
93,74.577
94,74.473
95,74.158
96,74.123
97,74.684
98,75.886
99,77.325
100,78.918
101,80.438
102,81.462
103,82.101
104,82.455
105,83.213
106,84.287
107,85.614
108,86.918
109,87.915
110,88.688
111,89.435
112,90.364
113,91.479
114,92.821
115,94.407
116,96.190
117,97.808
118,99.080
119,99.797
120,100.000

Forecast the index for each of the next 12 months (months 121 to 132). Do not write or run code and do not use tools; use your own judgment. Reply with only a JSON list of 12 numbers, nothing else.