Below is a monthly index (latest month = 100). What it measures, the place and the dates are hidden.

month,index
1,51.433
2,51.907
3,52.463
4,53.063
5,53.586
6,53.948
7,54.136
8,54.176
9,54.192
10,54.259
11,54.393
12,54.472
13,54.350
14,54.040
15,53.673
16,53.284
17,52.925
18,53.194
19,54.119
20,55.399
21,56.369
22,56.975
23,57.464
24,57.526
25,57.159
26,56.466
27,55.978
28,55.868
29,56.059
30,56.892
31,58.124
32,59.564
33,60.601
34,61.309
35,61.837
36,61.956
37,61.943
38,61.908
39,62.261
40,62.699
41,63.231
42,63.929
43,64.778
44,65.584
45,66.198
46,66.690
47,67.060
48,67.447
49,68.028
50,68.805
51,69.629
52,70.213
53,70.524
54,70.266
55,69.593
56,68.773
57,68.251
58,67.985
59,67.850
60,67.938
61,68.340
62,69.002
63,69.710
64,70.355
65,70.940
66,71.284
67,71.448
68,71.529
69,71.633
70,71.532
71,71.230
72,71.196
73,71.735
74,72.889
75,74.271
76,75.802
77,77.262
78,78.245
79,78.859
80,79.200
81,79.927
82,80.959
83,82.233
84,83.486
85,84.444
86,85.187
87,85.904
88,86.796
89,87.867
90,89.156
91,90.680
92,92.392
93,93.946
94,95.168
95,95.856
96,96.052
97,95.723
98,95.118
99,94.555
100,94.155
101,93.821
102,92.935
103,91.770
104,90.727
105,90.473
106,90.877
107,91.710
108,92.907
109,94.356
110,95.818
111,97.035
112,97.951
113,98.526
114,98.542
115,98.227
116,98.107
117,98.478
118,99.109
119,99.532
120,100.000

Forecast the index for each of the next 12 months (months 121 to 132). Do not write or run code and do not use tools; use your own judgment. Reply with only a JSON list of 12 numbers, nothing else.