Below is a monthly index (latest month = 100). What it measures, the place and the dates are hidden.

month,index
1,50.691
2,51.330
3,51.668
4,51.821
5,51.873
6,52.050
7,52.287
8,52.510
9,52.720
10,53.005
11,53.493
12,54.066
13,54.684
14,55.223
15,55.596
16,55.790
17,55.831
18,55.847
19,55.917
20,56.055
21,56.136
22,56.011
23,55.692
24,55.313
25,54.912
26,54.542
27,54.819
28,55.773
29,57.092
30,58.091
31,58.716
32,59.220
33,59.283
34,58.906
35,58.191
36,57.688
37,57.575
38,57.772
39,58.630
40,59.900
41,61.384
42,62.453
43,63.182
44,63.727
45,63.849
46,63.835
47,63.800
48,64.164
49,64.615
50,65.163
51,65.882
52,66.757
53,67.588
54,68.221
55,68.728
56,69.109
57,69.507
58,70.107
59,70.907
60,71.757
61,72.358
62,72.679
63,72.413
64,71.719
65,70.875
66,70.336
67,70.062
68,69.923
69,70.014
70,70.429
71,71.110
72,71.840
73,72.505
74,73.108
75,73.462
76,73.631
77,73.715
78,73.821
79,73.718
80,73.407
81,73.372
82,73.927
83,75.117
84,76.541
85,78.118
86,79.623
87,80.636
88,81.268
89,81.620
90,82.370
91,83.433
92,84.746
93,86.037
94,87.024
95,87.789
96,88.529
97,89.448
98,90.552
99,91.880
100,93.450
101,95.216
102,96.817
103,98.076
104,98.785
105,98.986
106,98.648
107,98.024
108,97.444
109,97.032
110,96.688
111,95.774
112,94.574
113,93.499
114,93.237
115,93.654
116,94.512
117,95.746
118,97.239
119,98.746
120,100.000

Forecast the index for each of the next 12 months (months 121 to 132). Do not write or run code and do not use tools; use your own judgment. Reply with only a JSON list of 12 numbers, nothing else.