Below is a monthly index (latest month = 100). What it measures, the place and the dates are hidden.

month,index
1,46.332
2,46.562
3,46.908
4,47.507
5,48.313
6,49.199
7,50.122
8,51.103
9,52.089
10,52.927
11,53.595
12,53.948
13,54.108
14,54.161
15,54.346
16,54.593
17,54.827
18,55.047
19,55.343
20,55.854
21,56.451
22,57.097
23,57.660
24,58.049
25,58.251
26,58.295
27,58.311
28,58.384
29,58.528
30,58.613
31,58.482
32,58.149
33,57.753
34,57.335
35,56.948
36,57.238
37,58.233
38,59.611
39,60.654
40,61.306
41,61.833
42,61.899
43,61.505
44,60.759
45,60.233
46,60.115
47,60.321
48,61.217
49,62.543
50,64.092
51,65.208
52,65.970
53,66.539
54,66.667
55,66.652
56,66.614
57,66.994
58,67.466
59,68.038
60,68.789
61,69.702
62,70.570
63,71.231
64,71.760
65,72.158
66,72.574
67,73.200
68,74.035
69,74.923
70,75.551
71,75.886
72,75.608
73,74.884
74,74.002
75,73.440
76,73.153
77,73.008
78,73.103
79,73.536
80,74.248
81,75.009
82,75.703
83,76.333
84,76.703
85,76.879
86,76.967
87,77.078
88,76.970
89,76.645
90,76.609
91,77.189
92,78.431
93,79.918
94,81.565
95,83.136
96,84.194
97,84.854
98,85.221
99,86.004
100,87.114
101,88.485
102,89.833
103,90.864
104,91.663
105,92.435
106,93.394
107,94.547
108,95.933
109,97.573
110,99.416
111,101.088
112,102.403
113,103.144
114,103.354
115,103.000
116,102.349
117,101.744
118,101.313
119,100.954
120,100.000

Forecast the index for each of the next 12 months (months 121 to 132). Do not write or run code and do not use tools; use your own judgment. Reply with only a JSON list of 12 numbers, nothing else.