Below is a monthly index (latest month = 100). What it measures, the place and the dates are hidden.

month,index
1,50.137
2,51.118
3,52.104
4,52.943
5,53.611
6,53.964
7,54.124
8,54.177
9,54.362
10,54.610
11,54.843
12,55.063
13,55.360
14,55.870
15,56.468
16,57.114
17,57.677
18,58.066
19,58.269
20,58.312
21,58.329
22,58.401
23,58.545
24,58.630
25,58.499
26,58.166
27,57.770
28,57.352
29,56.965
30,57.255
31,58.251
32,59.629
33,60.673
34,61.325
35,61.852
36,61.917
37,61.523
38,60.777
39,60.251
40,60.133
41,60.339
42,61.235
43,62.562
44,64.111
45,65.228
46,65.989
47,66.558
48,66.686
49,66.672
50,66.634
51,67.014
52,67.486
53,68.059
54,68.809
55,69.723
56,70.591
57,71.252
58,71.782
59,72.180
60,72.596
61,73.222
62,74.057
63,74.945
64,75.573
65,75.908
66,75.630
67,74.906
68,74.024
69,73.461
70,73.175
71,73.030
72,73.125
73,73.558
74,74.270
75,75.032
76,75.726
77,76.356
78,76.726
79,76.902
80,76.990
81,77.101
82,76.993
83,76.668
84,76.632
85,77.212
86,78.454
87,79.942
88,81.589
89,83.161
90,84.219
91,84.879
92,85.246
93,86.029
94,87.140
95,88.512
96,89.859
97,90.891
98,91.690
99,92.462
100,93.422
101,94.576
102,95.962
103,97.602
104,99.446
105,101.119
106,102.433
107,103.174
108,103.385
109,103.031
110,102.380
111,101.774
112,101.343
113,100.984
114,100.030
115,98.776
116,97.653
117,97.380
118,97.815
119,98.711
120,100.000

Forecast the index for each of the next 12 months (months 121 to 132). Do not write or run code and do not use tools; use your own judgment. Reply with only a JSON list of 12 numbers, nothing else.