Below is a monthly index (latest month = 100). What it measures, the place and the dates are hidden.

month,index
1,54.187
2,53.878
3,53.511
4,53.124
5,52.766
6,53.034
7,53.956
8,55.233
9,56.200
10,56.804
11,57.292
12,57.353
13,56.987
14,56.296
15,55.809
16,55.699
17,55.890
18,56.721
19,57.949
20,59.385
21,60.419
22,61.124
23,61.651
24,61.770
25,61.756
26,61.722
27,62.074
28,62.511
29,63.041
30,63.736
31,64.583
32,65.387
33,65.999
34,66.490
35,66.858
36,67.244
37,67.824
38,68.598
39,69.420
40,70.002
41,70.312
42,70.055
43,69.384
44,68.566
45,68.046
46,67.780
47,67.646
48,67.734
49,68.135
50,68.794
51,69.500
52,70.143
53,70.727
54,71.070
55,71.233
56,71.314
57,71.417
58,71.317
59,71.016
60,70.982
61,71.519
62,72.670
63,74.048
64,75.574
65,77.030
66,78.010
67,78.622
68,78.962
69,79.687
70,80.715
71,81.986
72,83.235
73,84.190
74,84.930
75,85.646
76,86.535
77,87.603
78,88.887
79,90.407
80,92.115
81,93.664
82,94.881
83,95.568
84,95.763
85,95.435
86,94.832
87,94.271
88,93.872
89,93.539
90,92.655
91,91.494
92,90.454
93,90.201
94,90.604
95,91.434
96,92.628
97,94.072
98,95.530
99,96.743
100,97.656
101,98.230
102,98.246
103,97.931
104,97.812
105,98.182
106,98.811
107,99.232
108,99.699
109,100.252
110,100.938
111,101.495
112,101.975
113,102.404
114,102.461
115,102.246
116,101.704
117,101.245
118,100.738
119,100.275
120,100.000

Forecast the index for each of the next 12 months (months 121 to 132). Do not write or run code and do not use tools; use your own judgment. Reply with only a JSON list of 12 numbers, nothing else.