Below is a monthly index (latest month = 100). What it measures, the place and the dates are hidden.

month,index
1,48.800
2,49.628
3,50.538
4,51.486
5,52.494
6,53.506
7,54.367
8,55.053
9,55.416
10,55.580
11,55.635
12,55.825
13,56.079
14,56.319
15,56.544
16,56.849
17,57.373
18,57.987
19,58.650
20,59.229
21,59.629
22,59.837
23,59.881
24,59.898
25,59.973
26,60.121
27,60.208
28,60.073
29,59.731
30,59.324
31,58.895
32,58.498
33,58.795
34,59.818
35,61.233
36,62.305
37,62.975
38,63.516
39,63.583
40,63.178
41,62.412
42,61.872
43,61.751
44,61.962
45,62.883
46,64.245
47,65.836
48,66.983
49,67.765
50,68.349
51,68.481
52,68.466
53,68.427
54,68.817
55,69.302
56,69.890
57,70.660
58,71.599
59,72.490
60,73.169
61,73.713
62,74.122
63,74.549
64,75.192
65,76.050
66,76.961
67,77.607
68,77.951
69,77.665
70,76.921
71,76.015
72,75.438
73,75.144
74,74.995
75,75.092
76,75.537
77,76.268
78,77.050
79,77.763
80,78.410
81,78.791
82,78.971
83,79.062
84,79.176
85,79.065
86,78.731
87,78.694
88,79.289
89,80.565
90,82.092
91,83.784
92,85.398
93,86.485
94,87.163
95,87.540
96,88.344
97,89.484
98,90.893
99,92.277
100,93.336
101,94.157
102,94.950
103,95.936
104,97.120
105,98.544
106,100.228
107,102.122
108,103.839
109,105.189
110,105.950
111,106.166
112,105.803
113,105.134
114,104.512
115,104.070
116,103.701
117,102.721
118,101.434
119,100.281
120,100.000

Forecast the index for each of the next 12 months (months 121 to 132). Do not write or run code and do not use tools; use your own judgment. Reply with only a JSON list of 12 numbers, nothing else.