Below is a monthly index (latest month = 100). What it measures, the place and the dates are hidden.

month,index
1,52.676
2,52.715
3,52.731
4,52.796
5,52.926
6,53.003
7,52.885
8,52.583
9,52.226
10,51.848
11,51.498
12,51.760
13,52.660
14,53.906
15,54.849
16,55.439
17,55.915
18,55.975
19,55.618
20,54.944
21,54.469
22,54.361
23,54.548
24,55.358
25,56.557
26,57.958
27,58.967
28,59.656
29,60.170
30,60.286
31,60.273
32,60.239
33,60.583
34,61.009
35,61.527
36,62.205
37,63.031
38,63.816
39,64.414
40,64.893
41,65.252
42,65.628
43,66.194
44,66.950
45,67.752
46,68.320
47,68.623
48,68.372
49,67.717
50,66.919
51,66.411
52,66.152
53,66.021
54,66.107
55,66.498
56,67.142
57,67.830
58,68.458
59,69.028
60,69.362
61,69.521
62,69.601
63,69.701
64,69.604
65,69.310
66,69.277
67,69.801
68,70.924
69,72.269
70,73.758
71,75.179
72,76.136
73,76.733
74,77.065
75,77.773
76,78.776
77,80.017
78,81.235
79,82.167
80,82.890
81,83.588
82,84.456
83,85.499
84,86.752
85,88.235
86,89.902
87,91.414
88,92.602
89,93.272
90,93.462
91,93.142
92,92.554
93,92.006
94,91.617
95,91.292
96,90.429
97,89.296
98,88.281
99,88.034
100,88.427
101,89.237
102,90.402
103,91.812
104,93.235
105,94.419
106,95.310
107,95.870
108,95.886
109,95.579
110,95.463
111,95.823
112,96.437
113,96.848
114,97.304
115,97.844
116,98.513
117,99.057
118,99.525
119,99.944
120,100.000

Forecast the index for each of the next 12 months (months 121 to 132). Do not write or run code and do not use tools; use your own judgment. Reply with only a JSON list of 12 numbers, nothing else.